#     r             phi             Phi             Pi             Ricci
0.0000000000    1.0999908463    0.0000000000   -0.0232946733   -7.1611658359
0.0015707963    1.0999799898   -0.0138229022   -0.0232946733   -7.1608792228
0.0031415927    1.0999474206   -0.0275267255   -0.0232946733   -7.1600325360
0.0047123890    1.0998935126   -0.0413063010   -0.0223590160   -7.1585245508
0.0062831853    1.0998176539   -0.0552246111   -0.0220296083   -7.1564758912
0.0078539816    1.0997200205   -0.0690728123   -0.0218695079   -7.1538786970
0.0094247780    1.0996006567   -0.0829006159   -0.0217816573   -7.1507190407
0.0109955743    1.0994595823   -0.0967184027   -0.0217272652   -7.1469927799
0.0125663706    1.0992968089   -0.1105294548   -0.0216904083   -7.1426987506
0.0141371669    1.0991123460   -0.1243347069   -0.0216635160   -7.1378370115
0.0157079633    1.0989062025   -0.1381342743   -0.0216426154   -7.1324082099
0.0172787596    1.0986783873   -0.1519279379   -0.0216254577   -7.1264133406
0.0188495559    1.0984289099   -0.1657153266   -0.0216106921   -7.1198536422
0.0204203522    1.0981577806   -0.1794959944   -0.0215974672   -7.1127305474
0.0219911486    1.0978650103   -0.1932694554   -0.0215852254   -7.1050456576
0.0235619449    1.0975506107   -0.2070352017   -0.0215735886   -7.0968007292
0.0251327412    1.0972145943   -0.2207927127   -0.0215622937   -7.0879976653
0.0267035376    1.0968569745   -0.2345414596   -0.0215511528   -7.0786385113
0.0282743339    1.0964777655   -0.2482809093   -0.0215400292   -7.0687254512
0.0298451302    1.0960769822   -0.2620105252   -0.0215288212   -7.0582608063
0.0314159265    1.0956546405   -0.2757297690   -0.0215174525   -7.0472470336
0.0329867229    1.0952107573   -0.2894381011   -0.0215058647   -7.0356867248
0.0345575192    1.0947453499   -0.3031349812   -0.0214940125   -7.0235826054
0.0361283155    1.0942584369   -0.3168198683   -0.0214818609   -7.0109375348
0.0376991118    1.0937500375   -0.3304922213   -0.0214693820   -6.9977545050
0.0392699082    1.0932201718   -0.3441514989   -0.0214565537   -6.9840366411
0.0408407045    1.0926688608   -0.3577971600   -0.0214433586   -6.9697872004
0.0424115008    1.0920961263   -0.3714286633   -0.0214297825   -6.9550095720
0.0439822972    1.0915019910   -0.3850454678   -0.0214158141   -6.9397072772
0.0455530935    1.0908864783   -0.3986470328   -0.0214014442   -6.9238839685
0.0471238898    1.0902496126   -0.4122328175   -0.0213866657   -6.9075434297
0.0486946861    1.0895914192   -0.4258022817   -0.0213714725   -6.8906895753
0.0502654825    1.0889119241   -0.4393548854   -0.0213558601   -6.8733264508
0.0518362788    1.0882111543   -0.4528900887   -0.0213398248   -6.8554582316
0.0534070751    1.0874891374   -0.4664073524   -0.0213233637   -6.8370892233
0.0549778714    1.0867459020   -0.4799061374   -0.0213064746   -6.8182238612
0.0565486678    1.0859814777   -0.4933859050   -0.0212891559   -6.7988667096
0.0581194641    1.0851958947   -0.5068461171   -0.0212714067   -6.7790224620
0.0596902604    1.0843891842   -0.5202862357   -0.0212532262   -6.7586959403
0.0612610567    1.0835613781   -0.5337057236   -0.0212346142   -6.7378920944
0.0628318531    1.0827125093   -0.5471040436   -0.0212155707   -6.7166160020
0.0644026494    1.0818426114   -0.5604806593   -0.0211960961   -6.6948728680
0.0659734457    1.0809517190   -0.5738350346   -0.0211761909   -6.6726680240
0.0675442421    1.0800398674   -0.5871666341   -0.0211558558   -6.6500069276
0.0691150384    1.0791070928   -0.6004749225   -0.0211350920   -6.6268951623
0.0706858347    1.0781534323   -0.6137593654   -0.0211139005   -6.6033384366
0.0722566310    1.0771789237   -0.6270194288   -0.0210922826   -6.5793425836
0.0738274274    1.0761836057   -0.6402545792   -0.0210702398   -6.5549135600
0.0753982237    1.0751675179   -0.6534642836   -0.0210477737   -6.5300574459
0.0769690200    1.0741307007   -0.6666480097   -0.0210248859   -6.5047804439
0.0785398163    1.0730731953   -0.6798052257   -0.0210015783   -6.4790888784
0.0801106127    1.0719950438   -0.6929354005   -0.0209778527   -6.4529891948
0.0816814090    1.0708962890   -0.7060380034   -0.0209537110   -6.4264879587
0.0832522053    1.0697769747   -0.7191125046   -0.0209291555   -6.3995918553
0.0848230016    1.0686371454   -0.7321583747   -0.0209041882   -6.3723076882
0.0863937980    1.0674768466   -0.7451750851   -0.0208788112   -6.3446423786
0.0879645943    1.0662961244   -0.7581621078   -0.0208530269   -6.3166029647
0.0895353906    1.0650950259   -0.7711189155   -0.0208268377   -6.2881966001
0.0911061870    1.0638735990   -0.7840449816   -0.0208002458   -6.2594305534
0.0926769833    1.0626318923   -0.7969397802   -0.0207732538   -6.2303122067
0.0942477796    1.0613699555   -0.8098027861   -0.0207458641   -6.2008490548
0.0958185759    1.0600878388   -0.8226334749   -0.0207180792   -6.1710487037
0.0973893723    1.0587855934   -0.8354313229   -0.0206899019   -6.1409188699
0.0989601686    1.0574632713   -0.8481958073   -0.0206613346   -6.1104673787
0.1005309649    1.0561209254   -0.8609264059   -0.0206323801   -6.0797021633
0.1021017612    1.0547586093   -0.8736225973   -0.0206030411   -6.0486312633
0.1036725576    1.0533763774   -0.8862838612   -0.0205733203   -6.0172628231
0.1052433539    1.0519742850   -0.8989096778   -0.0205432205   -5.9856050912
0.1068141502    1.0505523882   -0.9114995282   -0.0205127445   -5.9536664177
0.1083849465    1.0491107439   -0.9240528947   -0.0204818951   -5.9214552540
0.1099557429    1.0476494098   -0.9365692599   -0.0204506753   -5.8889801500
0.1115265392    1.0461684444   -0.9490481079   -0.0204190879   -5.8562497536
0.1130973355    1.0446679071   -0.9614889232   -0.0203871358   -5.8232728083
0.1146681319    1.0431478580   -0.9738911915   -0.0203548221   -5.7900581518
0.1162389282    1.0416083581   -0.9862543995   -0.0203221496   -5.7566147143
0.1178097245    1.0400494692   -0.9985780347   -0.0202891213   -5.7229515163
0.1193805208    1.0384712537   -1.0108615856   -0.0202557404   -5.6890776675
0.1209513172    1.0368737751   -1.0231045417   -0.0202220097   -5.6550023639
0.1225221135    1.0352570975   -1.0353063935   -0.0201879324   -5.6207348869
0.1240929098    1.0336212859   -1.0474666327   -0.0201535115   -5.5862846002
0.1256637061    1.0319664061   -1.0595847517   -0.0201187502   -5.5516609489
0.1272345025    1.0302925246   -1.0716602444   -0.0200836514   -5.5168734563
0.1288052988    1.0285997087   -1.0836926053   -0.0200482184   -5.4819317223
0.1303760951    1.0268880267   -1.0956813303   -0.0200124543   -5.4468454214
0.1319468915    1.0251575474   -1.1076259165   -0.0199763621   -5.4116242998
0.1335176878    1.0234083406   -1.1195258618   -0.0199399450   -5.3762781736
0.1350884841    1.0216404768   -1.1313806654   -0.0199032063   -5.3408169260
0.1366592804    1.0198540273   -1.1431898278   -0.0198661489   -5.3052505053
0.1382300768    1.0180490642   -1.1549528506   -0.0198287762   -5.2695889222
0.1398008731    1.0162256604   -1.1666692365   -0.0197910913   -5.2338422473
0.1413716694    1.0143838894   -1.1783384896   -0.0197530974   -5.1980206085
0.1429424657    1.0125238258   -1.1899601150   -0.0197147977   -5.1621341883
0.1445132621    1.0106455447   -1.2015336194   -0.0196761953   -5.1261932213
0.1460840584    1.0087491220   -1.2130585104   -0.0196372934   -5.0902079913
0.1476548547    1.0068346347   -1.2245342972   -0.0195980953   -5.0541888289
0.1492256510    1.0049021600   -1.2359604901   -0.0195586041   -5.0181461079
0.1507964474    1.0029517765   -1.2473366010   -0.0195188231   -4.9820902433
0.1523672437    1.0009835630   -1.2586621429   -0.0194787554   -4.9460316877
0.1539380400    0.9989975995   -1.2699366303   -0.0194384042   -4.9099809289
0.1555088364    0.9969939664   -1.2811595790   -0.0193977727   -4.8739484864
0.1570796327    0.9949727452   -1.2923305064   -0.0193568641   -4.8379449087
0.1586504290    0.9929340179   -1.3034489312   -0.0193156815   -4.8019807699
0.1602212253    0.9908778674   -1.3145143735   -0.0192742282   -4.7660666667
0.1617920217    0.9888043772   -1.3255263551   -0.0192325073   -4.7302132155
0.1633628180    0.9867136317   -1.3364843991   -0.0191905220   -4.6944310488
0.1649336143    0.9846057161   -1.3473880303   -0.0191482753   -4.6587308118
0.1665044106    0.9824807161   -1.3582367747   -0.0191057706   -4.6231231598
0.1680752070    0.9803387184   -1.3690301603   -0.0190630108   -4.5876187540
0.1696460033    0.9781798103   -1.3797677165   -0.0190199991   -4.5522282590
0.1712167996    0.9760040798   -1.3904489741   -0.0189767387   -4.5169623386
0.1727875959    0.9738116157   -1.4010734659   -0.0189332326   -4.4818316530
0.1743583923    0.9716025076   -1.4116407261   -0.0188894838   -4.4468468549
0.1759291886    0.9693768458   -1.4221502906   -0.0188454956   -4.4120185862
0.1774999849    0.9671347212   -1.4326016972   -0.0188012709   -4.3773574746
0.1790707813    0.9648762255   -1.4429944851   -0.0187568128   -4.3428741299
0.1806415776    0.9626014512   -1.4533281955   -0.0187121244   -4.3085791403
0.1822123739    0.9603104915   -1.4636023713   -0.0186672085   -4.2744830692
0.1837831702    0.9580034402   -1.4738165571   -0.0186220682   -4.2405964513
0.1853539666    0.9556803919   -1.4839702994   -0.0185767066   -4.2069297890
0.1869247629    0.9533414419   -1.4940631465   -0.0185311264   -4.1734935489
0.1884955592    0.9509866862   -1.5040946485   -0.0184853308   -4.1402981580
0.1900663555    0.9486162215   -1.5140643576   -0.0184393226   -4.1073540002
0.1916371519    0.9462301453   -1.5239718278   -0.0183931046   -4.0746714124
0.1932079482    0.9438285557   -1.5338166148   -0.0183466798   -4.0422606810
0.1947787445    0.9414115514   -1.5435982766   -0.0183000510   -4.0101320382
0.1963495408    0.9389792319   -1.5533163730   -0.0182532211   -3.9782956583
0.1979203372    0.9365316976   -1.5629704658   -0.0182061928   -3.9467616539
0.1994911335    0.9340690492   -1.5725601190   -0.0181589689   -3.9155400724
0.2010619298    0.9315913882   -1.5820848984   -0.0181115523   -3.8846408922
0.2026327262    0.9290988171   -1.5915443722   -0.0180639455   -3.8540740189
0.2042035225    0.9265914385   -1.6009381103   -0.0180161513   -3.8238492820
0.2057743188    0.9240693563   -1.6102656852   -0.0179681724   -3.7939764307
0.2073451151    0.9215326746   -1.6195266712   -0.0179200115   -3.7644651309
0.2089159115    0.9189814983   -1.6287206449   -0.0178716711   -3.7353249611
0.2104867078    0.9164159331   -1.6378471852   -0.0178231539   -3.7065654088
0.2120575041    0.9138360851   -1.6469058731   -0.0177744623   -3.6781958672
0.2136283004    0.9112420614   -1.6558962920   -0.0177255990   -3.6502256314
0.2151990968    0.9086339695   -1.6648180276   -0.0176765665   -3.6226638948
0.2167698931    0.9060119175   -1.6736706678   -0.0176273671   -3.5955197460
0.2183406894    0.9033760144   -1.6824538029   -0.0175780034   -3.5688021647
0.2199114858    0.9007263696   -1.6911670256   -0.0175284777   -3.5425200187
0.2214822821    0.8980630933   -1.6998099311   -0.0174787924   -3.5166820604
0.2230530784    0.8953862962   -1.7083821167   -0.0174289499   -3.4912969233
0.2246238747    0.8926960898   -1.7168831827   -0.0173789525   -3.4663731186
0.2261946711    0.8899925861   -1.7253127314   -0.0173288023   -3.4419190322
0.2277654674    0.8872758977   -1.7336703678   -0.0172785018   -3.4179429212
0.2293362637    0.8845461379   -1.7419556996   -0.0172280530   -3.3944529109
0.2309070600    0.8818034205   -1.7501683369   -0.0171774581   -3.3714569912
0.2324778564    0.8790478601   -1.7583078924   -0.0171267192   -3.3489630140
0.2340486527    0.8762795718   -1.7663739815   -0.0170758385   -3.3269786900
0.2356194490    0.8734986713   -1.7743662223   -0.0170248180   -3.3055115855
0.2371902453    0.8707052748   -1.7822842356   -0.0169736596   -3.2845691198
0.2387610417    0.8678994993   -1.7901276448   -0.0169223655   -3.2641585620
0.2403318380    0.8650814622   -1.7978960761   -0.0168709374   -3.2442870283
0.2419026343    0.8622512816   -1.8055891587   -0.0168193773   -3.2249614795
0.2434734307    0.8594090762   -1.8132065243   -0.0167676870   -3.2061887178
0.2450442270    0.8565549652   -1.8207478078   -0.0167158684   -3.1879753848
0.2466150233    0.8536890683   -1.8282126466   -0.0166639232   -3.1703279585
0.2481858196    0.8508115060   -1.8356006813   -0.0166118532   -3.1532527510
0.2497566160    0.8479223991   -1.8429115553   -0.0165596600   -3.1367559061
0.2513274123    0.8450218692   -1.8501449151   -0.0165073453   -3.1208433971
0.2528982086    0.8421100382   -1.8573004101   -0.0164549107   -3.1055210244
0.2544690049    0.8391870288   -1.8643776927   -0.0164023577   -3.0907944133
0.2560398013    0.8362529641   -1.8713764187   -0.0163496879   -3.0766690122
0.2576105976    0.8333079677   -1.8782962465   -0.0162969027   -3.0631500905
0.2591813939    0.8303521639   -1.8851368380   -0.0162440035   -3.0502427365
0.2607521902    0.8273856773   -1.8918978582   -0.0161909918   -3.0379518559
0.2623229866    0.8244086333   -1.8985789752   -0.0161378689   -3.0262821698
0.2638937829    0.8214211576   -1.9051798605   -0.0160846360   -3.0152382133
0.2654645792    0.8184233764   -1.9117001888   -0.0160312944   -3.0048243337
0.2670353756    0.8154154166   -1.9181396381   -0.0159778453   -2.9950446895
0.2686061719    0.8123974055   -1.9244978896   -0.0159242899   -2.9859032486
0.2701769682    0.8093694709   -1.9307746282   -0.0158706292   -2.9774037870
0.2717477645    0.8063317410   -1.9369695418   -0.0158168644   -2.9695498881
0.2733185609    0.8032843446   -1.9430823222   -0.0157629963   -2.9623449412
0.2748893572    0.8002274110   -1.9491126643   -0.0157090261   -2.9557921410
0.2764601535    0.7971610699   -1.9550602667   -0.0156549545   -2.9498944860
0.2780309498    0.7940854515   -1.9609248314   -0.0156007825   -2.9446547783
0.2796017462    0.7910006865   -1.9667060642   -0.0155465109   -2.9400756230
0.2811725425    0.7879069060   -1.9724036744   -0.0154921404   -2.9361594271
0.2827433388    0.7848042415   -1.9780173748   -0.0154376718   -2.9329083996
0.2843141351    0.7816928252   -1.9835468822   -0.0153831057   -2.9303245505
0.2858849315    0.7785727894   -1.9889919169   -0.0153284428   -2.9284096913
0.2874557278    0.7754442672   -1.9943522030   -0.0152736835   -2.9271654342
0.2890265241    0.7723073917   -1.9996274685   -0.0152188286   -2.9265931921
0.2905973205    0.7691622969   -2.0048174450   -0.0151638783   -2.9266941792
0.2921681168    0.7660091168   -2.0099218682   -0.0151088332   -2.9274694103
0.2937389131    0.7628479860   -2.0149404776   -0.0150536936   -2.9289197017
0.2953097094    0.7596790396   -2.0198730168   -0.0149984598   -2.9310456712
0.2968805058    0.7565024130   -2.0247192330   -0.0149431321   -2.9338477384
0.2984513021    0.7533182419   -2.0294788778   -0.0148877107   -2.9373261259
0.3000220984    0.7501266625   -2.0341517067   -0.0148321957   -2.9414808590
0.3015928947    0.7469278114   -2.0387374793   -0.0147765874   -2.9463117671
0.3031636911    0.7437218255   -2.0432359593   -0.0147208858   -2.9518184845
0.3047344874    0.7405088422   -2.0476469145   -0.0146650908   -2.9580004508
0.3063052837    0.7372889990   -2.0519701172   -0.0146092025   -2.9648569126
0.3078760801    0.7340624340   -2.0562053436   -0.0145532207   -2.9723869239
0.3094468764    0.7308292856   -2.0603523742   -0.0144971454   -2.9805893481
0.3110176727    0.7275896924   -2.0644109941   -0.0144409763   -2.9894628585
0.3125884690    0.7243437935   -2.0683809926   -0.0143847132   -2.9990059404
0.3141592654    0.7210917284   -2.0722621632   -0.0143283558   -3.0092168920
0.3157300617    0.7178336366   -2.0760543040   -0.0142719038   -3.0200938264
0.3173008580    0.7145696581   -2.0797572177   -0.0142153569   -3.0316346728
0.3188716543    0.7112999334   -2.0833707113   -0.0141587144   -3.0438371789
0.3204424507    0.7080246029   -2.0868945964   -0.0141019761   -3.0566989120
0.3220132470    0.7047438077   -2.0903286892   -0.0140451413   -3.0702172614
0.3235840433    0.7014576888   -2.0936728105   -0.0139882094   -3.0843894401
0.3251548396    0.6981663878   -2.0969267858   -0.0139311799   -3.0992124871
0.3267256360    0.6948700463   -2.1000904453   -0.0138740520   -3.1146832694
0.3282964323    0.6915688064   -2.1031636239   -0.0138168250   -3.1307984842
0.3298672286    0.6882628104   -2.1061461612   -0.0137594982   -3.1475546613
0.3314380250    0.6849522007   -2.1090379018   -0.0137020707   -3.1649481653
0.3330088213    0.6816371200   -2.1118386951   -0.0136445416   -3.1829751981
0.3345796176    0.6783177114   -2.1145483952   -0.0135869100   -3.2016318015
0.3361504139    0.6749941181   -2.1171668615   -0.0135291750   -3.2209138596
0.3377212103    0.6716664834   -2.1196939580   -0.0134713355   -3.2408171014
0.3392920066    0.6683349510   -2.1221295539   -0.0134133905   -3.2613371038
0.3408628029    0.6649996648   -2.1244735235   -0.0133553389   -3.2824692939
0.3424335992    0.6616607686   -2.1267257460   -0.0132971796   -3.3042089521
0.3440043956    0.6583184069   -2.1288861060   -0.0132389113   -3.3265512146
0.3455751919    0.6549727239   -2.1309544929   -0.0131805328   -3.3494910767
0.3471459882    0.6516238641   -2.1329308017   -0.0131220429   -3.3730233957
0.3487167845    0.6482719724   -2.1348149323   -0.0130634402   -3.3971428936
0.3502875809    0.6449171935   -2.1366067902   -0.0130047234   -3.4218441602
0.3518583772    0.6415596725   -2.1383062860   -0.0129458910   -3.4471216563
0.3534291735    0.6381995546   -2.1399133358   -0.0128869417   -3.4729697170
0.3549999699    0.6348369850   -2.1414278609   -0.0128278740   -3.4993825544
0.3565707662    0.6314721091   -2.1428497883   -0.0127686864   -3.5263542608
0.3581415625    0.6281050723   -2.1441790504   -0.0127093772   -3.5538788126
0.3597123588    0.6247360205   -2.1454155850   -0.0126499450   -3.5819500725
0.3612831552    0.6213650991   -2.1465593355   -0.0125903882   -3.6105617936
0.3628539515    0.6179924540   -2.1476102511   -0.0125307049   -3.6397076223
0.3644247478    0.6146182311   -2.1485682864   -0.0124708937   -3.6693811017
0.3659955441    0.6112425763   -2.1494334016   -0.0124109527   -3.6995756748
0.3675663405    0.6078656356   -2.1502055630   -0.0123508802   -3.7302846880
0.3691371368    0.6044875550   -2.1508847424   -0.0122906744   -3.7615013943
0.3707079331    0.6011084806   -2.1514709172   -0.0122303336   -3.7932189570
0.3722787295    0.5977285585   -2.1519640711   -0.0121698559   -3.8254304523
0.3738495258    0.5943479348   -2.1523641932   -0.0121092394   -3.8581288737
0.3754203221    0.5909667557   -2.1526712788   -0.0120484823   -3.8913071345
0.3769911184    0.5875851672   -2.1528853291   -0.0119875826   -3.9249580716
0.3785619148    0.5842033156   -2.1530063511   -0.0119265385   -3.9590744489
0.3801327111    0.5808213470   -2.1530343581   -0.0118653479   -3.9936489605
0.3817035074    0.5774394074   -2.1529693692   -0.0118040090   -4.0286742339
0.3832743037    0.5740576429   -2.1528114097   -0.0117425196   -4.0641428339
0.3848451001    0.5706761996   -2.1525605111   -0.0116808779   -4.1000472655
0.3864158964    0.5672952233   -2.1522167110   -0.0116190818   -4.1363799771
0.3879866927    0.5639148600   -2.1517800531   -0.0115571293   -4.1731333644
0.3895574890    0.5605352555   -2.1512505875   -0.0114950184   -4.2102997731
0.3911282854    0.5571565555   -2.1506283705   -0.0114327469   -4.2478715025
0.3926990817    0.5537789057   -2.1499134647   -0.0113703129   -4.2858408086
0.3942698780    0.5504024516   -2.1491059391   -0.0113077143   -4.3241999075
0.3958406744    0.5470273387   -2.1482058691   -0.0112449490   -4.3629409784
0.3974114707    0.5436537123   -2.1472133363   -0.0111820149   -4.4020561667
0.3989822670    0.5402817175   -2.1461284291   -0.0111189100   -4.4415375878
0.4005530633    0.5369114993   -2.1449512421   -0.0110556323   -4.4813773291
0.4021238597    0.5335432027   -2.1436818766   -0.0109921796   -4.5215674542
0.4036946560    0.5301769723   -2.1423204403   -0.0109285498   -4.5621000051
0.4052654523    0.5268129526   -2.1408670476   -0.0108647411   -4.6029670058
0.4068362486    0.5234512882   -2.1393218195   -0.0108007512   -4.6441604649
0.4084070450    0.5200921230   -2.1376848836   -0.0107365782   -4.6856723787
0.4099778413    0.5167356010   -2.1359563743   -0.0106722201   -4.7274947339
0.4115486376    0.5133818660   -2.1341364327   -0.0106076748   -4.7696195109
0.4131194339    0.5100310614   -2.1322252065   -0.0105429404   -4.8120386860
0.4146902303    0.5066833306   -2.1302228502   -0.0104780149   -4.8547442347
0.4162610266    0.5033388166   -2.1281295254   -0.0104128963   -4.8977281339
0.4178318229    0.4999976621   -2.1259454003   -0.0103475828   -4.9409823652
0.4194026193    0.4966600096   -2.1236706499   -0.0102820725   -4.9844989169
0.4209734156    0.4933260013   -2.1213054562   -0.0102163635   -5.0282697868
0.4225442119    0.4899957792   -2.1188500083   -0.0101504540   -5.0722869851
0.4241150082    0.4866694849   -2.1163045021   -0.0100843422   -5.1165425362
0.4256858046    0.4833472596   -2.1136691404   -0.0100180263   -5.1610284815
0.4272566009    0.4800292444   -2.1109441332   -0.0099515046   -5.2057368819
0.4288273972    0.4767155798   -2.1081296974   -0.0098847755   -5.2506598198
0.4303981935    0.4734064063   -2.1052260571   -0.0098178373   -5.2957894015
0.4319689899    0.4701018637   -2.1022334433   -0.0097506884   -5.3411177593
0.4335397862    0.4668020916   -2.0991520945   -0.0096833273   -5.3866370540
0.4351105825    0.4635072292   -2.0959822560   -0.0096157525   -5.4323394766
0.4366813788    0.4602174154   -2.0927241803   -0.0095479626   -5.4782172505
0.4382521752    0.4569327884   -2.0893781272   -0.0094799562   -5.5242626334
0.4398229715    0.4536534863   -2.0859443638   -0.0094117319   -5.5704679195
0.4413937678    0.4503796467   -2.0824231643   -0.0093432886   -5.6168254411
0.4429645642    0.4471114066   -2.0788148101   -0.0092746251   -5.6633275704
0.4445353605    0.4438489028   -2.0751195902   -0.0092057402   -5.7099667215
0.4461061568    0.4405922715   -2.0713378006   -0.0091366329   -5.7567353518
0.4476769531    0.4373416484   -2.0674697447   -0.0090673021   -5.8036259642
0.4492477495    0.4340971688   -2.0635157333   -0.0089977471   -5.8506311079
0.4508185458    0.4308589674   -2.0594760846   -0.0089279670   -5.8977433805
0.4523893421    0.4276271785   -2.0553511240   -0.0088579610   -5.9449554294
0.4539601384    0.4244019359   -2.0511411846   -0.0087877284   -5.9922599532
0.4555309348    0.4211833727   -2.0468466067   -0.0087172688   -6.0396497029
0.4571017311    0.4179716217   -2.0424677380   -0.0086465816   -6.0871174834
0.4586725274    0.4147668150   -2.0380049338   -0.0085756664   -6.1346561548
0.4602433238    0.4115690842   -2.0334585567   -0.0085045229   -6.1822586335
0.4618141201    0.4083785601   -2.0288289770   -0.0084331510   -6.2299178933
0.4633849164    0.4051953733   -2.0241165723   -0.0083615504   -6.2776269667
0.4649557127    0.4020196535   -2.0193217278   -0.0082897213   -6.3253789458
0.4665265091    0.3988515300   -2.0144448360   -0.0082176637   -6.3731669835
0.4680973054    0.3956911312   -2.0094862973   -0.0081453777   -6.4209842939
0.4696681017    0.3925385851   -2.0044465193   -0.0080728639   -6.4688241541
0.4712388980    0.3893940191   -1.9993259173   -0.0080001225   -6.5166799041
0.4728096944    0.3862575596   -1.9941249140   -0.0079271541   -6.5645449483
0.4743804907    0.3831293327   -1.9888439399   -0.0078539594   -6.6124127560
0.4759512870    0.3800094637   -1.9834834327   -0.0077805391   -6.6602768621
0.4775220833    0.3768980772   -1.9780438381   -0.0077068942   -6.7081308677
0.4790928797    0.3737952969   -1.9725256089   -0.0076330256   -6.7559684407
0.4806636760    0.3707012461   -1.9669292059   -0.0075589346   -6.8037833168
0.4822344723    0.3676160473   -1.9612550970   -0.0074846224   -6.8515692993
0.4838052687    0.3645398220   -1.9555037582   -0.0074100904   -6.8993202603
0.4853760650    0.3614726912   -1.9496756726   -0.0073353402   -6.9470301406
0.4869468613    0.3584147751   -1.9437713311   -0.0072603735   -6.9946929504
0.4885176576    0.3553661931   -1.9377912321   -0.0071851920   -7.0423027696
0.4900884540    0.3523270638   -1.9317358816   -0.0071097977   -7.0898537483
0.4916592503    0.3492975050   -1.9256057931   -0.0070341927   -7.1373401065
0.4932300466    0.3462776337   -1.9194014876   -0.0069583793   -7.1847561351
0.4948008429    0.3432675660   -1.9131234937   -0.0068823599   -7.2320961958
0.4963716393    0.3402674173   -1.9067723476   -0.0068061369   -7.2793547211
0.4979424356    0.3372773020   -1.9003485929   -0.0067297131   -7.3265262147
0.4995132319    0.3342973338   -1.8938527807   -0.0066530913   -7.3736052517
0.5010840282    0.3313276255   -1.8872854697   -0.0065762744   -7.4205864783
0.5026548246    0.3283682888   -1.8806472259   -0.0064992657   -7.4674646124
0.5042256209    0.3254194348   -1.8739386230   -0.0064220684   -7.5142344430
0.5057964172    0.3224811735   -1.8671602419   -0.0063446859   -7.5608908308
0.5073672136    0.3195536141   -1.8603126711   -0.0062671218   -7.6074287080
0.5089380099    0.3166368648   -1.8533965064   -0.0061893800   -7.6538430779
0.5105088062    0.3137310329   -1.8464123512   -0.0061114644   -7.7001290155
0.5120796025    0.3108362246   -1.8393608159   -0.0060333789   -7.7462816668
0.5136503989    0.3079525454   -1.8322425186   -0.0059551279   -7.7922962489
0.5152211952    0.3050800996   -1.8250580846   -0.0058767158   -7.8381680502
0.5167919915    0.3022189906   -1.8178081463   -0.0057981472   -7.8838924297
0.5183627878    0.2993693209   -1.8104933436   -0.0057194267   -7.9294648172
0.5199335842    0.2965311917   -1.8031143236   -0.0056405594   -7.9748807129
0.5215043805    0.2937047034   -1.7956717406   -0.0055615501   -8.0201356876
0.5230751768    0.2908899555   -1.7881662560   -0.0054824043   -8.0652253818
0.5246459731    0.2880870460   -1.7805985383   -0.0054031272   -8.1101455063
0.5262167695    0.2852960724   -1.7729692633   -0.0053237244   -8.1548918413
0.5277875658    0.2825171307   -1.7652791138   -0.0052442018   -8.1994602364
0.5293583621    0.2797503160   -1.7575287794   -0.0051645650   -8.2438466105
0.5309291585    0.2769957223   -1.7497189571   -0.0050848203   -8.2880469512
0.5324999548    0.2742534426   -1.7418503505   -0.0050049738   -8.3320573148
0.5340707511    0.2715235685   -1.7339236702   -0.0049250319   -8.3758738258
0.5356415474    0.2688061907   -1.7259396337   -0.0048450012   -8.4194926769
0.5372123438    0.2661013989   -1.7178989655   -0.0047648884   -8.4629101283
0.5387831401    0.2634092812   -1.7098023964   -0.0046847004   -8.5061225078
0.5403539364    0.2607299251   -1.7016506645   -0.0046044442   -8.5491262102
0.5419247327    0.2580634165   -1.6934445140   -0.0045241270   -8.5919176973
0.5434955291    0.2554098404   -1.6851846961   -0.0044437561   -8.6344934972
0.5450663254    0.2527692804   -1.6768719684   -0.0043633392   -8.6768502043
0.5466371217    0.2501418190   -1.6685070952   -0.0042828838   -8.7189844789
0.5482079181    0.2475275376   -1.6600908469   -0.0042023979   -8.7608930467
0.5497787144    0.2449265163   -1.6516240005   -0.0041218893   -8.8025726988
0.5513495107    0.2423388339   -1.6431073394   -0.0040413663   -8.8440202913
0.5529203070    0.2397645680   -1.6345416532   -0.0039608371   -8.8852327449
0.5544911034    0.2372037951   -1.6259277375   -0.0038803103   -8.9262070446
0.5560618997    0.2346565902   -1.6172663943   -0.0037997943   -8.9669402394
0.5576326960    0.2321230273   -1.6085584316   -0.0037192979   -9.0074294422
0.5592034923    0.2296031789   -1.5998046633   -0.0036388300   -9.0476718293
0.5607742887    0.2270971163   -1.5910059092   -0.0035583996   -9.0876646401
0.5623450850    0.2246049095   -1.5821629951   -0.0034780159   -9.1274051769
0.5639158813    0.2221266273   -1.5732767525   -0.0033976881   -9.1668908047
0.5654866776    0.2196623371   -1.5643480185   -0.0033174258   -9.2061189508
0.5670574740    0.2172121049   -1.5553776359   -0.0032372384   -9.2450871045
0.5686282703    0.2147759955   -1.5463664531   -0.0031571356   -9.2837928171
0.5701990666    0.2123540723   -1.5373153237   -0.0030771273   -9.3222337013
0.5717698630    0.2099463974   -1.5282251069   -0.0029972233   -9.3604074313
0.5733406593    0.2075530315   -1.5190966672   -0.0029174338   -9.3983117423
0.5749114556    0.2051740340   -1.5099308740   -0.0028377688   -9.4359444303
0.5764822519    0.2028094629   -1.5007286021   -0.0027582387   -9.4733033523
0.5780530483    0.2004593747   -1.4914907310   -0.0026788538   -9.5103864254
0.5796238446    0.1981238248   -1.4822181455   -0.0025996246   -9.5471916271
0.5811946409    0.1958028668   -1.4729117349   -0.0025205617   -9.5837169950
0.5827654372    0.1934965533   -1.4635723933   -0.0024416758   -9.6199606266
0.5843362336    0.1912049353   -1.4542010194   -0.0023629776   -9.6559206790
0.5859070299    0.1889280624   -1.4447985163   -0.0022844780   -9.6915953689
0.5874778262    0.1866659827   -1.4353657918   -0.0022061879   -9.7269829724
0.5890486225    0.1844187431   -1.4259037576   -0.0021281184   -9.7620818248
0.5906194189    0.1821863888   -1.4164133300   -0.0020502805   -9.7968903206
0.5921902152    0.1799689638   -1.4068954290   -0.0019726854   -9.8314069131
0.5937610115    0.1777665104   -1.3973509788   -0.0018953443   -9.8656301146
0.5953318079    0.1755790696   -1.3877809073   -0.0018182686   -9.8995584959
0.5969026042    0.1734066810   -1.3781861463   -0.0017414695   -9.9331906867
0.5984734005    0.1712493826   -1.3685676311   -0.0016649585   -9.9665253750
0.6000441968    0.1691072109   -1.3589263005   -0.0015887470   -9.9995613072
0.6016149932    0.1669802012   -1.3492630967   -0.0015128465  -10.0322972880
0.6031857895    0.1648683869   -1.3395789650   -0.0014372684  -10.0647321805
0.6047565858    0.1627718002   -1.3298748541   -0.0013620245  -10.0968649057
0.6063273821    0.1606904718   -1.3201517154   -0.0012871262  -10.1286944429
0.6078981785    0.1586244307   -1.3104105034   -0.0012125851  -10.1602198293
0.6094689748    0.1565737047   -1.3006521752   -0.0011384130  -10.1914401599
0.6110397711    0.1545383199   -1.2908776905   -0.0010646213  -10.2223545877
0.6126105675    0.1525183008   -1.2810880114   -0.0009912217  -10.2529623236
0.6141813638    0.1505136706   -1.2712841025   -0.0009182258  -10.2832626360
0.6157521601    0.1485244510   -1.2614669304   -0.0008456454  -10.3132548514
0.6173229564    0.1465506618   -1.2516374639   -0.0007734919  -10.3429383534
0.6188937528    0.1445923218   -1.2417966735   -0.0007017771  -10.3723125836
0.6204645491    0.1426494480   -1.2319455317   -0.0006305124  -10.4013770410
0.6220353454    0.1407220557   -1.2220850123   -0.0005597095  -10.4301312821
0.6236061417    0.1388101591   -1.2122160908   -0.0004893797  -10.4585749208
0.6251769381    0.1369137704   -1.2023397439   -0.0004195347  -10.4867076285
0.6267477344    0.1350329007   -1.1924569494   -0.0003501859  -10.5145291335
0.6283185307    0.1331675593   -1.1825686863   -0.0002813446  -10.5420392220
0.6298893270    0.1313177540   -1.1726759343   -0.0002130221  -10.5692377368
0.6314601234    0.1294834910   -1.1627796736   -0.0001452297  -10.5961245781
0.6330309197    0.1276647752   -1.1528808853   -0.0000779787  -10.6226997030
0.6346017160    0.1258616097   -1.1429805506   -0.0000112801  -10.6489631258
0.6361725124    0.1240739962   -1.1330796509    0.0000548550  -10.6749149174
0.6377433087    0.1223019348   -1.1231791678    0.0001204156  -10.7005552056
0.6393141050    0.1205454241   -1.1132800825    0.0001853909  -10.7258841749
0.6408849013    0.1188044610   -1.1033833763    0.0002497701  -10.7509020661
0.6424556977    0.1170790412   -1.0934900296    0.0003135426  -10.7756091768
0.6440264940    0.1153691585   -1.0836010224    0.0003766977  -10.8000058607
0.6455972903    0.1136748054   -1.0737173339    0.0004392250  -10.8240925276
0.6471680866    0.1119959727   -1.0638399421    0.0005011142  -10.8478696435
0.6487388830    0.1103326499   -1.0539698241    0.0005623550  -10.8713377299
0.6503096793    0.1086848246   -1.0441079555    0.0006229374  -10.8944973644
0.6518804756    0.1070524832   -1.0342553105    0.0006828513  -10.9173491797
0.6534512719    0.1054356104   -1.0244128614    0.0007420871  -10.9398938639
0.6550220683    0.1038341894   -1.0145815788    0.0008006350  -10.9621321601
0.6565928646    0.1022482020   -1.0047624312    0.0008584855  -10.9840648661
0.6581636609    0.1006776283   -0.9949563849    0.0009156293  -11.0056928344
0.6597344573    0.0991224469   -0.9851644036    0.0009720571  -11.0270169715
0.6613052536    0.0975826351   -0.9753874485    0.0010277599  -11.0480382381
0.6628760499    0.0960581685   -0.9656264781    0.0010827289  -11.0687576485
0.6644468462    0.0945490212   -0.9558824477    0.0011369553  -11.0891762701
0.6660176426    0.0930551659   -0.9461563096    0.0011904307  -11.1092952236
0.6675884389    0.0915765736   -0.9364490127    0.0012431466  -11.1291156821
0.6691592352    0.0901132142   -0.9267615022    0.0012950951  -11.1486388710
0.6707300315    0.0886650557   -0.9170947198    0.0013462681  -11.1678660674
0.6723008279    0.0872320648   -0.9074496029    0.0013966579  -11.1867985999
0.6738716242    0.0858142068   -0.8978270852    0.0014462570  -11.2054378480
0.6754424205    0.0844114455   -0.8882280958    0.0014950580  -11.2237852416
0.6770132168    0.0830237432   -0.8786535592    0.0015430538  -11.2418422607
0.6785840132    0.0816510607   -0.8691043955    0.0015902376  -11.2596104344
0.6801548095    0.0802933574   -0.8595815196    0.0016366025  -11.2770913411
0.6817256058    0.0789505914   -0.8500858414    0.0016821423  -11.2942866074
0.6832964022    0.0776227193   -0.8406182655    0.0017268506  -11.3111979074
0.6848671985    0.0763096961   -0.8311796910    0.0017707215  -11.3278269628
0.6864379948    0.0750114756   -0.8217710113    0.0018137492  -11.3441755413
0.6880087911    0.0737280102   -0.8123931138    0.0018559282  -11.3602454568
0.6895795875    0.0724592508   -0.8030468801    0.0018972532  -11.3760385682
0.6911503838    0.0712051470   -0.7937331852    0.0019377192  -11.3915567790
0.6927211801    0.0699656470   -0.7844528977    0.0019773213  -11.4068020361
0.6942919764    0.0687406976   -0.7752068795    0.0020160551  -11.4217763297
0.6958627728    0.0675302443   -0.7659959858    0.0020539164  -11.4364816921
0.6974335691    0.0663342314   -0.7568210645    0.0020909010  -11.4509201969
0.6990043654    0.0651526016   -0.7476829564    0.0021270052  -11.4650939583
0.7005751618    0.0639852964   -0.7385824946    0.0021622255  -11.4790051302
0.7021459581    0.0628322561   -0.7295205047    0.0021965588  -11.4926559056
0.7037167544    0.0616934196   -0.7204978045    0.0022300021  -11.5060485150
0.7052875507    0.0605687245   -0.7115152037    0.0022625526  -11.5191852263
0.7068583471    0.0594581072   -0.7025735035    0.0022942079  -11.5320683434
0.7084291434    0.0583615029   -0.6936734969    0.0023249660  -11.5447002052
0.7099999397    0.0572788454   -0.6848159684    0.0023548250  -11.5570831851
0.7115707360    0.0562100674   -0.6760016934    0.0023837832  -11.5692196894
0.7131415324    0.0551551004   -0.6672314383    0.0024118394  -11.5811121565
0.7147123287    0.0541138746   -0.6585059604    0.0024389926  -11.5927630561
0.7162831250    0.0530863191   -0.6498260076    0.0024652420  -11.6041748880
0.7178539213    0.0520723618   -0.6411923183    0.0024905871  -11.6153501807
0.7194247177    0.0510719294   -0.6326056208    0.0025150278  -11.6262914907
0.7209955140    0.0500849476   -0.6240666338    0.0025385642  -11.6370014014
0.7225663103    0.0491113409   -0.6155760657    0.0025611967  -11.6474825218
0.7241371067    0.0481510327   -0.6071346147    0.0025829260  -11.6577374853
0.7257079030    0.0472039452   -0.5987429683    0.0026037530  -11.6677689487
0.7272786993    0.0462699997   -0.5904018035    0.0026236791  -11.6775795910
0.7288494956    0.0453491164   -0.5821117863    0.0026427056  -11.6871721122
0.7304202920    0.0444412145   -0.5738735720    0.0026608346  -11.6965492321
0.7319910883    0.0435462120   -0.5656878043    0.0026780680  -11.7057136891
0.7335618846    0.0426640260   -0.5575551157    0.0026944083  -11.7146682390
0.7351326809    0.0417945728   -0.5494761273    0.0027098582  -11.7234156538
0.7367034773    0.0409377674   -0.5414514483    0.0027244207  -11.7319587204
0.7382742736    0.0400935242   -0.5334816762    0.0027380990  -11.7403002393
0.7398450699    0.0392617563   -0.5255673964    0.0027508966  -11.7484430237
0.7414158662    0.0384423761   -0.5177091821    0.0027628174  -11.7563898977
0.7429866626    0.0376352953   -0.5099075943    0.0027738655  -11.7641436955
0.7445574589    0.0368404242   -0.5021631814    0.0027840453  -11.7717072602
0.7461282552    0.0360576729   -0.4944764791    0.0027933614  -11.7790834420
0.7476990516    0.0352869501   -0.4868480105    0.0028018187  -11.7862750974
0.7492698479    0.0345281640   -0.4792782858    0.0028094225  -11.7932850880
0.7508406442    0.0337812219   -0.4717678020    0.0028161782  -11.8001162788
0.7524114405    0.0330460304   -0.4643170429    0.0028220916  -11.8067715374
0.7539822369    0.0323224954   -0.4569264792    0.0028271688  -11.8132537327
0.7555530332    0.0316105218   -0.4495965679    0.0028314160  -11.8195657331
0.7571238295    0.0309100141   -0.4423277525    0.0028348397  -11.8257104061
0.7586946258    0.0302208760   -0.4351204628    0.0028374467  -11.8316906166
0.7602654222    0.0295430104   -0.4279751150    0.0028392442  -11.8375092257
0.7618362185    0.0288763199   -0.4208921110    0.0028402394  -11.8431690893
0.7634070148    0.0282207060   -0.4138718389    0.0028404400  -11.8486730576
0.7649778111    0.0275760701   -0.4069146727    0.0028398536  -11.8540239732
0.7665486075    0.0269423126   -0.4000209719    0.0028384885  -11.8592246701
0.7681194038    0.0263193337   -0.3931910819    0.0028363528  -11.8642779727
0.7696902001    0.0257070328   -0.3864253336    0.0028334552  -11.8691866946
0.7712609965    0.0251053090   -0.3797240433    0.0028298044  -11.8739536375
0.7728317928    0.0245140607   -0.3730875129    0.0028254094  -11.8785815899
0.7744025891    0.0239331859   -0.3665160294    0.0028202794  -11.8830733261
0.7759733854    0.0233625824   -0.3600098652    0.0028144238  -11.8874316053
0.7775441818    0.0228021473   -0.3535692776    0.0028078524  -11.8916591704
0.7791149781    0.0222517773   -0.3471945095    0.0028005751  -11.8957587468
0.7806857744    0.0217113690   -0.3408857884    0.0027926018  -11.8997330418
0.7822565707    0.0211808183   -0.3346433270    0.0027839429  -11.9035847430
0.7838273671    0.0206600211   -0.3284673229    0.0027746088  -11.9073165181
0.7853981634    0.0201488729   -0.3223579587    0.0027646103  -11.9109310133
0.7869689597    0.0196472688   -0.3163154017    0.0027539582  -11.9144308528
0.7885397561    0.0191551037   -0.3103398043    0.0027426636  -11.9178186375
0.7901105524    0.0186722724   -0.3044313033    0.0027307376  -11.9210969446
0.7916813487    0.0181986693   -0.2985900207    0.0027181917  -11.9242683266
0.7932521450    0.0177341889   -0.2928160631    0.0027050375  -11.9273353102
0.7948229414    0.0172787252   -0.2871095218    0.0026912866  -11.9303003958
0.7963937377    0.0168321724   -0.2814704729    0.0026769509  -11.9331660569
0.7979645340    0.0163944243   -0.2758989773    0.0026620425  -11.9359347390
0.7995353303    0.0159653748   -0.2703950808    0.0026465736  -11.9386088590
0.8011061267    0.0155449177   -0.2649588135    0.0026305564  -11.9411908048
0.8026769230    0.0151329467   -0.2595901909    0.0026140034  -11.9436829344
0.8042477193    0.0147293556   -0.2542892129    0.0025969271  -11.9460875755
0.8058185156    0.0143340382   -0.2490558645    0.0025793403  -11.9484070245
0.8073893120    0.0139468882   -0.2438901154    0.0025612557  -11.9506435466
0.8089601083    0.0135677994   -0.2387919203    0.0025426863  -11.9527993747
0.8105309046    0.0131966659   -0.2337612189    0.0025236450  -11.9548767095
0.8121017010    0.0128333816   -0.2287979360    0.0025041450  -11.9568777184
0.8136724973    0.0124778407   -0.2239019814    0.0024841994  -11.9588045356
0.8152432936    0.0121299376   -0.2190732501    0.0024638215  -11.9606592615
0.8168140899    0.0117895667   -0.2143116223    0.0024430247  -11.9624439625
0.8183848863    0.0114566227   -0.2096169637    0.0024218222  -11.9641606705
0.8199556826    0.0111310006   -0.2049891252    0.0024002277  -11.9658113827
0.8215264789    0.0108125954   -0.2004279433    0.0023782546  -11.9673980613
0.8230972752    0.0105013028   -0.1959332401    0.0023559165  -11.9689226335
0.8246680716    0.0101970183   -0.1915048234    0.0023332270  -11.9703869908
0.8262388679    0.0098996380   -0.1871424868    0.0023101998  -11.9717929897
0.8278096642    0.0096090584   -0.1828460099    0.0022868484  -11.9731424505
0.8293804605    0.0093251760   -0.1786151582    0.0022631865  -11.9744371580
0.8309512569    0.0090478881   -0.1744496836    0.0022392279  -11.9756788613
0.8325220532    0.0087770921   -0.1703493244    0.0022149863  -11.9768692734
0.8340928495    0.0085126859   -0.1663138049    0.0021904753  -11.9780100717
0.8356636459    0.0082545680   -0.1623428367    0.0021657086  -11.9791028974
0.8372344422    0.0080026372   -0.1584361176    0.0021406999  -11.9801493563
0.8388052385    0.0077567928   -0.1545933326    0.0021154627  -11.9811510181
0.8403760348    0.0075169346   -0.1508141539    0.0020900108  -11.9821094172
0.8419468312    0.0072829630   -0.1470982408    0.0020643577  -11.9830260524
0.8435176275    0.0070547789   -0.1434452401    0.0020385169  -11.9839023870
0.8450884238    0.0068322838   -0.1398547864    0.0020125018  -11.9847398494
0.8466592201    0.0066153796   -0.1363265019    0.0019863259  -11.9855398328
0.8482300165    0.0064039691   -0.1328599970    0.0019600026  -11.9863036959
0.8498008128    0.0061979555   -0.1294548703    0.0019335450  -11.9870327627
0.8513716091    0.0059972427   -0.1261107088    0.0019069664  -11.9877283232
0.8529424054    0.0058017353   -0.1228270884    0.0018802798  -11.9883916334
0.8545132018    0.0056113385   -0.1196035735    0.0018534983  -11.9890239157
0.8560839981    0.0054259583   -0.1164397179    0.0018266348  -11.9896263592
0.8576547944    0.0052455014   -0.1133350646    0.0017997020  -11.9902001202
0.8592255908    0.0050698750   -0.1102891462    0.0017727127  -11.9907463223
0.8607963871    0.0048989873   -0.1073014851    0.0017456794  -11.9912660571
0.8623671834    0.0047327472   -0.1043715938    0.0017186146  -11.9917603844
0.8639379797    0.0045710643   -0.1014989751    0.0016915304  -11.9922303328
0.8655087761    0.0044138490   -0.0986831222    0.0016644392  -11.9926768997
0.8670795724    0.0042610126   -0.0959235194    0.0016373528  -11.9931010524
0.8686503687    0.0041124672   -0.0932196418    0.0016102833  -11.9935037280
0.8702211650    0.0039681256   -0.0905709559    0.0015832421  -11.9938858344
0.8717919614    0.0038279015   -0.0879769201    0.0015562410  -11.9942482500
0.8733627577    0.0036917096   -0.0854369842    0.0015292912  -11.9945918252
0.8749335540    0.0035594653   -0.0829505905    0.0015024040  -11.9949173820
0.8765043504    0.0034310849   -0.0805171737    0.0014755904  -11.9952257152
0.8780751467    0.0033064857   -0.0781361611    0.0014488611  -11.9955175925
0.8796459430    0.0031855858   -0.0758069732    0.0014222269  -11.9957937551
0.8812167393    0.0030683042   -0.0735290237    0.0013956980  -11.9960549184
0.8827875357    0.0029545610   -0.0713017198    0.0013692849  -11.9963017724
0.8843583320    0.0028442771   -0.0691244628    0.0013429975  -11.9965349823
0.8859291283    0.0027373742   -0.0669966480    0.0013168456  -11.9967551890
0.8874999246    0.0026337753   -0.0649176655    0.0012908388  -11.9969630098
0.8890707210    0.0025334041   -0.0628868997    0.0012649864  -11.9971590386
0.8906415173    0.0024361854   -0.0609037306    0.0012392978  -11.9973438470
0.8922123136    0.0023420448   -0.0589675333    0.0012137817  -11.9975179844
0.8937831099    0.0022509091   -0.0570776787    0.0011884468  -11.9976819788
0.8953539063    0.0021627061   -0.0552335338    0.0011633017  -11.9978363371
0.8969247026    0.0020773643   -0.0534344618    0.0011383545  -11.9979815461
0.8984954989    0.0019948135   -0.0516798226    0.0011136133  -11.9981180725
0.9000662953    0.0019149844   -0.0499689731    0.0010890856  -11.9982463640
0.9016370916    0.0018378087   -0.0483012673    0.0010647792  -11.9983668494
0.9032078879    0.0017632192   -0.0466760569    0.0010407010  -11.9984799394
0.9047786842    0.0016911497   -0.0450926915    0.0010168583  -11.9985860272
0.9063494806    0.0016215348   -0.0435505189    0.0009932576  -11.9986854886
0.9079202769    0.0015543104   -0.0420488853    0.0009699054  -11.9987786832
0.9094910732    0.0014894134   -0.0405871358    0.0009468080  -11.9988659542
0.9110618695    0.0014267817   -0.0391646145    0.0009239713  -11.9989476297
0.9126326659    0.0013663540   -0.0377806651    0.0009014010  -11.9990240224
0.9142034622    0.0013080703   -0.0364346308    0.0008791025  -11.9990954307
0.9157742585    0.0012518717   -0.0351258550    0.0008570809  -11.9991621390
0.9173450548    0.0011977000   -0.0338536815    0.0008353413  -11.9992244181
0.9189158512    0.0011454984   -0.0326174545    0.0008138881  -11.9992825258
0.9204866475    0.0010952108   -0.0314165193    0.0007927258  -11.9993367074
0.9220574438    0.0010467824   -0.0302502223    0.0007718585  -11.9993871961
0.9236282402    0.0010001591   -0.0291179115    0.0007512900  -11.9994342133
0.9251990365    0.0009552883   -0.0280189366    0.0007310239  -11.9994779693
0.9267698328    0.0009121179   -0.0269526495    0.0007110634  -11.9995186638
0.9283406291    0.0008705973   -0.0259184044    0.0006914117  -11.9995564858
0.9299114255    0.0008306764   -0.0249155581    0.0006720716  -11.9995916148
0.9314822218    0.0007923066   -0.0239434702    0.0006530455  -11.9996242205
0.9330530181    0.0007554400   -0.0230015038    0.0006343357  -11.9996544635
0.9346238144    0.0007200298   -0.0220890251    0.0006159443  -11.9996824957
0.9361946108    0.0006860302   -0.0212054042    0.0005978730  -11.9997084609
0.9377654071    0.0006533963   -0.0203500149    0.0005801232  -11.9997324945
0.9393362034    0.0006220843   -0.0195222356    0.0005626963  -11.9997547245
0.9409069998    0.0005920513   -0.0187214487    0.0005455933  -11.9997752715
0.9424777961    0.0005632553   -0.0179470415    0.0005288149  -11.9997942493
0.9440485924    0.0005356555   -0.0171984062    0.0005123617  -11.9998117649
0.9456193887    0.0005092117   -0.0164749402    0.0004962339  -11.9998279191
0.9471901851    0.0004838851   -0.0157760459    0.0004804317  -11.9998428066
0.9487609814    0.0004596373   -0.0151011318    0.0004649547  -11.9998565165
0.9503317777    0.0004364312   -0.0144496117    0.0004498026  -11.9998691323
0.9519025740    0.0004142305   -0.0138209056    0.0004349749  -11.9998807325
0.9534733704    0.0003929999   -0.0132144397    0.0004204706  -11.9998913904
0.9550441667    0.0003727048   -0.0126296463    0.0004062886  -11.9999011751
0.9566149630    0.0003533116   -0.0120659646    0.0003924278  -11.9999101510
0.9581857593    0.0003347877   -0.0115228402    0.0003788867  -11.9999183783
0.9597565557    0.0003171011   -0.0109997256    0.0003656635  -11.9999259135
0.9613273520    0.0003002208   -0.0104960806    0.0003527564  -11.9999328090
0.9628981483    0.0002841168   -0.0100113719    0.0003401634  -11.9999391141
0.9644689447    0.0002687596   -0.0095450736    0.0003278823  -11.9999448744
0.9660397410    0.0002541207   -0.0090966672    0.0003159105  -11.9999501327
0.9676105373    0.0002401724   -0.0086656421    0.0003042456  -11.9999549286
0.9691813336    0.0002268879   -0.0082514949    0.0002928848  -11.9999592990
0.9707521300    0.0002142410   -0.0078537306    0.0002818252  -11.9999632782
0.9723229263    0.0002022064   -0.0074718615    0.0002710636  -11.9999668981
0.9738937226    0.0001907594   -0.0071054086    0.0002605969  -11.9999701882
0.9754645189    0.0001798762   -0.0067539004    0.0002504218  -11.9999731758
0.9770353153    0.0001695338   -0.0064168741    0.0002405347  -11.9999758864
0.9786061116    0.0001597097   -0.0060938748    0.0002309320  -11.9999783433
0.9801769079    0.0001503822   -0.0057844562    0.0002216099  -11.9999805682
0.9817477042    0.0001415304   -0.0054881803    0.0002125646  -11.9999825812
0.9833185006    0.0001331339   -0.0052046175    0.0002037922  -11.9999844008
0.9848892969    0.0001251732   -0.0049333467    0.0001952885  -11.9999860439
0.9864600932    0.0001176292   -0.0046739555    0.0001870493  -11.9999875262
0.9880308896    0.0001104835   -0.0044260398    0.0001790704  -11.9999888622
0.9896016859    0.0001037185   -0.0041892043    0.0001713474  -11.9999900652
0.9911724822    0.0000973171   -0.0039630623    0.0001638760  -11.9999911472
0.9927432785    0.0000912628   -0.0037472354    0.0001566514  -11.9999921195
0.9943140749    0.0000855397   -0.0035413542    0.0001496693  -11.9999929923
0.9958848712    0.0000801323   -0.0033450575    0.0001429250  -11.9999937750
0.9974556675    0.0000750260   -0.0031579930    0.0001364137  -11.9999944762
0.9990264638    0.0000702065   -0.0029798167    0.0001301308  -11.9999951037
1.0005972602    0.0000656602   -0.0028101933    0.0001240715  -11.9999956646
1.0021680565    0.0000613737   -0.0026487960    0.0001182309  -11.9999961654
1.0037388528    0.0000573346   -0.0024953061    0.0001126043  -11.9999966122
1.0053096491    0.0000535305   -0.0023494137    0.0001071867  -11.9999970103
1.0068804455    0.0000499499   -0.0022108170    0.0001019733  -11.9999973646
1.0084512418    0.0000465814   -0.0020792226    0.0000969592  -11.9999976796
1.0100220381    0.0000434143   -0.0019543452    0.0000921395  -11.9999979593
1.0115928345    0.0000404383   -0.0018359077    0.0000875093  -11.9999982074
1.0131636308    0.0000376434   -0.0017236410    0.0000830638  -11.9999984272
1.0147344271    0.0000350202   -0.0016172839    0.0000787980  -11.9999986217
1.0163052234    0.0000325596   -0.0015165833    0.0000747071  -11.9999987936
1.0178760198    0.0000302529   -0.0014212937    0.0000707862  -11.9999989454
1.0194468161    0.0000280917   -0.0013311773    0.0000670306  -11.9999990793
1.0210176124    0.0000260683   -0.0012460040    0.0000634355  -11.9999991971
1.0225884087    0.0000241748   -0.0011655510    0.0000599961  -11.9999993008
1.0241592051    0.0000224042   -0.0010896029    0.0000567077  -11.9999993918
1.0257300014    0.0000207495   -0.0010179517    0.0000535656  -11.9999994717
1.0273007977    0.0000192041   -0.0009503963    0.0000505653  -11.9999995417
1.0288715941    0.0000177617   -0.0008867428    0.0000477022  -11.9999996030
1.0304423904    0.0000164164   -0.0008268041    0.0000449717  -11.9999996565
1.0320131867    0.0000151624   -0.0007703998    0.0000423695  -11.9999997032
1.0335839830    0.0000139943   -0.0007173562    0.0000398912  -11.9999997440
1.0351547794    0.0000129070   -0.0006675060    0.0000375323  -11.9999997794
1.0367255757    0.0000118957   -0.0006206883    0.0000352888  -11.9999998102
1.0382963720    0.0000109556   -0.0005767483    0.0000331563  -11.9999998369
1.0398671683    0.0000100824   -0.0005355376    0.0000311309  -11.9999998601
1.0414379647    0.0000092718   -0.0004969133    0.0000292084  -11.9999998802
1.0430087610    0.0000085200   -0.0004607386    0.0000273850  -11.9999998975
1.0445795573    0.0000078231   -0.0004268822    0.0000256568  -11.9999999124
1.0461503536    0.0000071777   -0.0003952183    0.0000240200  -11.9999999253
1.0477211500    0.0000065804   -0.0003656265    0.0000224708  -11.9999999364
1.0492919463    0.0000060281   -0.0003379915    0.0000210057  -11.9999999459
1.0508627426    0.0000055176   -0.0003122033    0.0000196212  -11.9999999541
1.0524335390    0.0000050463   -0.0002881566    0.0000183138  -11.9999999611
1.0540043353    0.0000046115   -0.0002657510    0.0000170802  -11.9999999671
1.0555751316    0.0000042106   -0.0002448906    0.0000159170  -11.9999999722
1.0571459279    0.0000038414   -0.0002254841    0.0000148212  -11.9999999766
1.0587167243    0.0000035016   -0.0002074445    0.0000137897  -11.9999999803
1.0602875206    0.0000031890   -0.0001906890    0.0000128195  -11.9999999834
1.0618583169    0.0000029019   -0.0001751389    0.0000119076  -11.9999999861
1.0634291132    0.0000026382   -0.0001607194    0.0000110513  -11.9999999883
1.0649999096    0.0000023964   -0.0001473594    0.0000102478  -11.9999999903
1.0665707059    0.0000021748   -0.0001349915    0.0000094946  -11.9999999919
1.0681415022    0.0000019718   -0.0001235519    0.0000087890  -11.9999999932
1.0697122985    0.0000017862   -0.0001129801    0.0000081287  -11.9999999944
1.0712830949    0.0000016165   -0.0001032188    0.0000075113  -11.9999999953
1.0728538912    0.0000014615   -0.0000942140    0.0000069345  -11.9999999961
1.0744246875    0.0000013201   -0.0000859144    0.0000063961  -11.9999999968
1.0759954839    0.0000011912   -0.0000782719    0.0000058940  -11.9999999974
1.0775662802    0.0000010739   -0.0000712409    0.0000054262  -11.9999999978
1.0791370765    0.0000009671   -0.0000647786    0.0000049908  -11.9999999982
1.0807078728    0.0000008701   -0.0000588445    0.0000045859  -11.9999999985
1.0822786692    0.0000007820   -0.0000534009    0.0000042098  -11.9999999988
1.0838494655    0.0000007021   -0.0000484119    0.0000038606  -11.9999999990
1.0854202618    0.0000006297   -0.0000438442    0.0000035369  -11.9999999992
1.0869910581    0.0000005642   -0.0000396663    0.0000032370  -11.9999999993
1.0885618545    0.0000005049   -0.0000358489    0.0000029595  -11.9999999995
1.0901326508    0.0000004514   -0.0000323645    0.0000027029  -11.9999999996
1.0917034471    0.0000004031   -0.0000291872    0.0000024660  -11.9999999997
1.0932742434    0.0000003595   -0.0000262932    0.0000022474  -11.9999999997
1.0948450398    0.0000003203   -0.0000236599    0.0000020460  -11.9999999998
1.0964158361    0.0000002851   -0.0000212665    0.0000018606  -11.9999999998
1.0979866324    0.0000002534   -0.0000190935    0.0000016901  -11.9999999999
1.0995574288    0.0000002250   -0.0000171227    0.0000015335  -11.9999999999
1.1011282251    0.0000001995   -0.0000153375    0.0000013898  -11.9999999999
1.1026990214    0.0000001767   -0.0000137222    0.0000012581  -11.9999999999
1.1042698177    0.0000001563   -0.0000122623    0.0000011375  -11.9999999999
1.1058406141    0.0000001381   -0.0000109443    0.0000010273  -12.0000000000
1.1074114104    0.0000001219   -0.0000097560    0.0000009266  -12.0000000000
1.1089822067    0.0000001074   -0.0000086859    0.0000008348  -12.0000000000
1.1105530030    0.0000000945   -0.0000077234    0.0000007512  -12.0000000000
1.1121237994    0.0000000831   -0.0000068587    0.0000006750  -12.0000000000
1.1136945957    0.0000000729   -0.0000060829    0.0000006058  -12.0000000000
1.1152653920    0.0000000639   -0.0000053877    0.0000005430  -12.0000000000
1.1168361884    0.0000000560   -0.0000047656    0.0000004861  -12.0000000000
1.1184069847    0.0000000489   -0.0000042096    0.0000004346  -12.0000000000
1.1199777810    0.0000000427   -0.0000037134    0.0000003879  -12.0000000000
1.1215485773    0.0000000372   -0.0000032711    0.0000003459  -12.0000000000
1.1231193737    0.0000000324   -0.0000028774    0.0000003079  -12.0000000000
1.1246901700    0.0000000282   -0.0000025274    0.0000002738  -12.0000000000
1.1262609663    0.0000000244   -0.0000022168    0.0000002430  -12.0000000000
1.1278317626    0.0000000212   -0.0000019415    0.0000002154  -12.0000000000
1.1294025590    0.0000000183   -0.0000016978    0.0000001907  -12.0000000000
1.1309733553    0.0000000158   -0.0000014825    0.0000001686  -12.0000000000
1.1325441516    0.0000000137   -0.0000012925    0.0000001488  -12.0000000000
1.1341149479    0.0000000118   -0.0000011250    0.0000001311  -12.0000000000
1.1356857443    0.0000000101   -0.0000009777    0.0000001153  -12.0000000000
1.1372565406    0.0000000087   -0.0000008484    0.0000001013  -12.0000000000
1.1388273369    0.0000000074   -0.0000007349    0.0000000888  -12.0000000000
1.1403981333    0.0000000064   -0.0000006356    0.0000000778  -12.0000000000
1.1419689296    0.0000000054   -0.0000005487    0.0000000680  -12.0000000000
1.1435397259    0.0000000046   -0.0000004730    0.0000000593  -12.0000000000
1.1451105222    0.0000000039   -0.0000004069    0.0000000517  -12.0000000000
1.1466813186    0.0000000033   -0.0000003495    0.0000000449  -12.0000000000
1.1482521149    0.0000000028   -0.0000002997    0.0000000390  -12.0000000000
1.1498229112    0.0000000024   -0.0000002564    0.0000000338  -12.0000000000
1.1513937075    0.0000000020   -0.0000002191    0.0000000293  -12.0000000000
1.1529645039    0.0000000017   -0.0000001868    0.0000000253  -12.0000000000
1.1545353002    0.0000000014   -0.0000001590    0.0000000218  -12.0000000000
1.1561060965    0.0000000012   -0.0000001350    0.0000000187  -12.0000000000
1.1576768928    0.0000000010   -0.0000001145    0.0000000161  -12.0000000000
1.1592476892    0.0000000008   -0.0000000968    0.0000000138  -12.0000000000
1.1608184855    0.0000000007   -0.0000000818    0.0000000118  -12.0000000000
1.1623892818    0.0000000006   -0.0000000689    0.0000000101  -12.0000000000
1.1639600782    0.0000000005   -0.0000000579    0.0000000086  -12.0000000000
1.1655308745    0.0000000004   -0.0000000486    0.0000000073  -12.0000000000
1.1671016708    0.0000000003   -0.0000000407    0.0000000062  -12.0000000000
1.1686724671    0.0000000003   -0.0000000340    0.0000000052  -12.0000000000
1.1702432635    0.0000000002   -0.0000000284    0.0000000044  -12.0000000000
1.1718140598    0.0000000002   -0.0000000236    0.0000000037  -12.0000000000
1.1733848561    0.0000000002   -0.0000000196    0.0000000031  -12.0000000000
1.1749556524    0.0000000001   -0.0000000162    0.0000000026  -12.0000000000
1.1765264488    0.0000000001   -0.0000000134    0.0000000022  -12.0000000000
1.1780972451    0.0000000001   -0.0000000110    0.0000000018  -12.0000000000
1.1796680414    0.0000000001   -0.0000000091    0.0000000015  -12.0000000000
1.1812388377    0.0000000001   -0.0000000074    0.0000000013  -12.0000000000
1.1828096341    0.0000000000   -0.0000000061    0.0000000011  -12.0000000000
1.1843804304    0.0000000000   -0.0000000050    0.0000000009  -12.0000000000
1.1859512267    0.0000000000   -0.0000000040    0.0000000007  -12.0000000000
1.1875220231    0.0000000000   -0.0000000033    0.0000000006  -12.0000000000
1.1890928194    0.0000000000   -0.0000000027    0.0000000005  -12.0000000000
1.1906636157    0.0000000000   -0.0000000021    0.0000000004  -12.0000000000
1.1922344120    0.0000000000   -0.0000000017    0.0000000003  -12.0000000000
1.1938052084    0.0000000000   -0.0000000014    0.0000000003  -12.0000000000
1.1953760047    0.0000000000   -0.0000000011    0.0000000002  -12.0000000000
1.1969468010    0.0000000000   -0.0000000009    0.0000000002  -12.0000000000
1.1985175973    0.0000000000   -0.0000000007    0.0000000001  -12.0000000000
1.2000883937    0.0000000000   -0.0000000006    0.0000000001  -12.0000000000
1.2016591900    0.0000000000   -0.0000000004    0.0000000001  -12.0000000000
1.2032299863    0.0000000000   -0.0000000003    0.0000000001  -12.0000000000
1.2048007827    0.0000000000   -0.0000000003    0.0000000001  -12.0000000000
1.2063715790    0.0000000000   -0.0000000002    0.0000000000  -12.0000000000
1.2079423753    0.0000000000   -0.0000000002    0.0000000000  -12.0000000000
1.2095131716    0.0000000000   -0.0000000001    0.0000000000  -12.0000000000
1.2110839680    0.0000000000   -0.0000000001    0.0000000000  -12.0000000000
1.2126547643    0.0000000000   -0.0000000001    0.0000000000  -12.0000000000
1.2142255606    0.0000000000   -0.0000000001    0.0000000000  -12.0000000000
1.2157963569    0.0000000000   -0.0000000000    0.0000000000  -12.0000000000
1.2173671533    0.0000000000   -0.0000000000    0.0000000000  -12.0000000000
1.2189379496    0.0000000000   -0.0000000000    0.0000000000  -12.0000000000
1.2205087459    0.0000000000   -0.0000000000    0.0000000000  -12.0000000000
1.2220795422    0.0000000000   -0.0000000000    0.0000000000  -12.0000000000
1.2236503386    0.0000000000   -0.0000000000    0.0000000000  -12.0000000000
1.2252211349    0.0000000000   -0.0000000000    0.0000000000  -12.0000000000
1.2267919312    0.0000000000   -0.0000000000    0.0000000000  -12.0000000000
1.2283627276    0.0000000000   -0.0000000000    0.0000000000  -12.0000000000
1.2299335239    0.0000000000   -0.0000000000    0.0000000000  -12.0000000000
1.2315043202    0.0000000000   -0.0000000000    0.0000000000  -12.0000000000
1.2330751165    0.0000000000   -0.0000000000    0.0000000000  -12.0000000000
1.2346459129    0.0000000000   -0.0000000000    0.0000000000  -12.0000000000
1.2362167092    0.0000000000   -0.0000000000    0.0000000000  -12.0000000000
1.2377875055    0.0000000000   -0.0000000000    0.0000000000  -12.0000000000
1.2393583018    0.0000000000   -0.0000000000    0.0000000000  -12.0000000000
1.2409290982    0.0000000000   -0.0000000000    0.0000000000  -12.0000000000
1.2424998945    0.0000000000   -0.0000000000    0.0000000000  -12.0000000000
1.2440706908    0.0000000000   -0.0000000000    0.0000000000  -12.0000000000
1.2456414871    0.0000000000   -0.0000000000    0.0000000000  -12.0000000000
1.2472122835    0.0000000000   -0.0000000000    0.0000000000  -12.0000000000
1.2487830798    0.0000000000   -0.0000000000    0.0000000000  -12.0000000000
1.2503538761    0.0000000000   -0.0000000000    0.0000000000  -12.0000000000
1.2519246725    0.0000000000   -0.0000000000    0.0000000000  -12.0000000000
1.2534954688    0.0000000000   -0.0000000000    0.0000000000  -12.0000000000
1.2550662651    0.0000000000   -0.0000000000    0.0000000000  -12.0000000000
1.2566370614    0.0000000000   -0.0000000000    0.0000000000  -12.0000000000
1.2582078578    0.0000000000   -0.0000000000    0.0000000000  -12.0000000000
1.2597786541    0.0000000000   -0.0000000000    0.0000000000  -12.0000000000
1.2613494504    0.0000000000   -0.0000000000    0.0000000000  -12.0000000000
1.2629202467    0.0000000000   -0.0000000000    0.0000000000  -12.0000000000
1.2644910431    0.0000000000   -0.0000000000    0.0000000000  -12.0000000000
1.2660618394    0.0000000000   -0.0000000000    0.0000000000  -12.0000000000
1.2676326357    0.0000000000   -0.0000000000    0.0000000000  -12.0000000000
1.2692034321    0.0000000000   -0.0000000000    0.0000000000  -12.0000000000
1.2707742284    0.0000000000   -0.0000000000    0.0000000000  -12.0000000000
1.2723450247    0.0000000000   -0.0000000000    0.0000000000  -12.0000000000
1.2739158210    0.0000000000   -0.0000000000    0.0000000000  -12.0000000000
1.2754866174    0.0000000000   -0.0000000000    0.0000000000  -12.0000000000
1.2770574137    0.0000000000   -0.0000000000    0.0000000000  -12.0000000000
1.2786282100    0.0000000000   -0.0000000000    0.0000000000  -12.0000000000
1.2801990063    0.0000000000   -0.0000000000    0.0000000000  -12.0000000000
1.2817698027    0.0000000000   -0.0000000000    0.0000000000  -12.0000000000
1.2833405990    0.0000000000   -0.0000000000    0.0000000000  -12.0000000000
1.2849113953    0.0000000000   -0.0000000000    0.0000000000  -12.0000000000
1.2864821916    0.0000000000   -0.0000000000    0.0000000000  -12.0000000000
1.2880529880    0.0000000000   -0.0000000000    0.0000000000  -12.0000000000
1.2896237843    0.0000000000   -0.0000000000    0.0000000000  -12.0000000000
1.2911945806    0.0000000000   -0.0000000000    0.0000000000  -12.0000000000
1.2927653770    0.0000000000   -0.0000000000    0.0000000000  -12.0000000000
1.2943361733    0.0000000000   -0.0000000000    0.0000000000  -12.0000000000
1.2959069696    0.0000000000   -0.0000000000    0.0000000000  -12.0000000000
1.2974777659    0.0000000000   -0.0000000000    0.0000000000  -12.0000000000
1.2990485623    0.0000000000   -0.0000000000    0.0000000000  -12.0000000000
1.3006193586    0.0000000000   -0.0000000000    0.0000000000  -12.0000000000
1.3021901549    0.0000000000   -0.0000000000    0.0000000000  -12.0000000000
1.3037609512    0.0000000000   -0.0000000000    0.0000000000  -12.0000000000
1.3053317476    0.0000000000   -0.0000000000    0.0000000000  -12.0000000000
1.3069025439    0.0000000000   -0.0000000000    0.0000000000  -12.0000000000
1.3084733402    0.0000000000   -0.0000000000    0.0000000000  -12.0000000000
1.3100441365    0.0000000000   -0.0000000000    0.0000000000  -12.0000000000
1.3116149329    0.0000000000   -0.0000000000    0.0000000000  -12.0000000000
1.3131857292    0.0000000000   -0.0000000000    0.0000000000  -12.0000000000
1.3147565255    0.0000000000   -0.0000000000    0.0000000000  -12.0000000000
1.3163273219    0.0000000000   -0.0000000000    0.0000000000  -12.0000000000
1.3178981182    0.0000000000   -0.0000000000    0.0000000000  -12.0000000000
1.3194689145    0.0000000000   -0.0000000000    0.0000000000  -12.0000000000
1.3210397108    0.0000000000   -0.0000000000    0.0000000000  -12.0000000000
1.3226105072    0.0000000000   -0.0000000000    0.0000000000  -12.0000000000
1.3241813035    0.0000000000   -0.0000000000    0.0000000000  -12.0000000000
1.3257520998    0.0000000000   -0.0000000000    0.0000000000  -12.0000000000
1.3273228961    0.0000000000   -0.0000000000    0.0000000000  -12.0000000000
1.3288936925    0.0000000000   -0.0000000000    0.0000000000  -12.0000000000
1.3304644888    0.0000000000   -0.0000000000    0.0000000000  -12.0000000000
1.3320352851    0.0000000000   -0.0000000000    0.0000000000  -12.0000000000
1.3336060814    0.0000000000   -0.0000000000    0.0000000000  -12.0000000000
1.3351768778    0.0000000000   -0.0000000000    0.0000000000  -12.0000000000
1.3367476741    0.0000000000   -0.0000000000    0.0000000000  -12.0000000000
1.3383184704    0.0000000000   -0.0000000000    0.0000000000  -12.0000000000
1.3398892668    0.0000000000   -0.0000000000    0.0000000000  -12.0000000000
1.3414600631    0.0000000000   -0.0000000000    0.0000000000  -12.0000000000
1.3430308594    0.0000000000   -0.0000000000    0.0000000000  -12.0000000000
1.3446016557    0.0000000000   -0.0000000000    0.0000000000  -12.0000000000
1.3461724521    0.0000000000   -0.0000000000    0.0000000000  -12.0000000000
1.3477432484    0.0000000000   -0.0000000000    0.0000000000  -12.0000000000
1.3493140447    0.0000000000   -0.0000000000    0.0000000000  -12.0000000000
1.3508848410    0.0000000000   -0.0000000000    0.0000000000  -12.0000000000
1.3524556374    0.0000000000   -0.0000000000    0.0000000000  -12.0000000000
1.3540264337    0.0000000000   -0.0000000000    0.0000000000  -12.0000000000
1.3555972300    0.0000000000   -0.0000000000    0.0000000000  -12.0000000000
1.3571680264    0.0000000000   -0.0000000000    0.0000000000  -12.0000000000
1.3587388227    0.0000000000   -0.0000000000    0.0000000000  -12.0000000000
1.3603096190    0.0000000000   -0.0000000000    0.0000000000  -12.0000000000
1.3618804153    0.0000000000   -0.0000000000    0.0000000000  -12.0000000000
1.3634512117    0.0000000000   -0.0000000000    0.0000000000  -12.0000000000
1.3650220080    0.0000000000   -0.0000000000    0.0000000000  -12.0000000000
1.3665928043    0.0000000000   -0.0000000000    0.0000000000  -12.0000000000
1.3681636006    0.0000000000   -0.0000000000    0.0000000000  -12.0000000000
1.3697343970    0.0000000000   -0.0000000000    0.0000000000  -12.0000000000
1.3713051933    0.0000000000   -0.0000000000    0.0000000000  -12.0000000000
1.3728759896    0.0000000000   -0.0000000000    0.0000000000  -12.0000000000
1.3744467859    0.0000000000   -0.0000000000    0.0000000000  -12.0000000000
1.3760175823    0.0000000000   -0.0000000000    0.0000000000  -12.0000000000
1.3775883786    0.0000000000   -0.0000000000    0.0000000000  -12.0000000000
1.3791591749    0.0000000000   -0.0000000000    0.0000000000  -12.0000000000
1.3807299713    0.0000000000   -0.0000000000    0.0000000000  -12.0000000000
1.3823007676    0.0000000000   -0.0000000000    0.0000000000  -12.0000000000
1.3838715639    0.0000000000   -0.0000000000    0.0000000000  -12.0000000000
1.3854423602    0.0000000000   -0.0000000000    0.0000000000  -12.0000000000
1.3870131566    0.0000000000   -0.0000000000    0.0000000000  -12.0000000000
1.3885839529    0.0000000000   -0.0000000000    0.0000000000  -12.0000000000
1.3901547492    0.0000000000   -0.0000000000    0.0000000000  -12.0000000000
1.3917255455    0.0000000000   -0.0000000000    0.0000000000  -12.0000000000
1.3932963419    0.0000000000   -0.0000000000    0.0000000000  -12.0000000000
1.3948671382    0.0000000000   -0.0000000000    0.0000000000  -12.0000000000
1.3964379345    0.0000000000   -0.0000000000    0.0000000000  -12.0000000000
1.3980087308    0.0000000000   -0.0000000000    0.0000000000  -12.0000000000
1.3995795272    0.0000000000   -0.0000000000    0.0000000000  -12.0000000000
1.4011503235    0.0000000000   -0.0000000000    0.0000000000  -12.0000000000
1.4027211198    0.0000000000   -0.0000000000    0.0000000000  -12.0000000000
1.4042919162    0.0000000000   -0.0000000000    0.0000000000  -12.0000000000
1.4058627125    0.0000000000   -0.0000000000    0.0000000000  -12.0000000000
1.4074335088    0.0000000000   -0.0000000000    0.0000000000  -12.0000000000
1.4090043051    0.0000000000   -0.0000000000    0.0000000000  -12.0000000000
1.4105751015    0.0000000000   -0.0000000000    0.0000000000  -12.0000000000
1.4121458978    0.0000000000   -0.0000000000    0.0000000000  -12.0000000000
1.4137166941    0.0000000000   -0.0000000000    0.0000000000  -12.0000000000
1.4152874904    0.0000000000   -0.0000000000    0.0000000000  -12.0000000000
1.4168582868    0.0000000000   -0.0000000000    0.0000000000  -12.0000000000
1.4184290831    0.0000000000   -0.0000000000    0.0000000000  -12.0000000000
1.4199998794    0.0000000000   -0.0000000000    0.0000000000  -12.0000000000
1.4215706757    0.0000000000   -0.0000000000    0.0000000000  -12.0000000000
1.4231414721    0.0000000000   -0.0000000000    0.0000000000  -12.0000000000
1.4247122684    0.0000000000   -0.0000000000    0.0000000000  -12.0000000000
1.4262830647    0.0000000000   -0.0000000000    0.0000000000  -12.0000000000
1.4278538611    0.0000000000   -0.0000000000    0.0000000000  -12.0000000000
1.4294246574    0.0000000000   -0.0000000000    0.0000000000  -12.0000000000
1.4309954537    0.0000000000   -0.0000000000    0.0000000000  -12.0000000000
1.4325662500    0.0000000000   -0.0000000000    0.0000000000  -12.0000000000
1.4341370464    0.0000000000   -0.0000000000    0.0000000000  -12.0000000000
1.4357078427    0.0000000000   -0.0000000000    0.0000000000  -12.0000000000
1.4372786390    0.0000000000   -0.0000000000    0.0000000000  -12.0000000000
1.4388494353    0.0000000000   -0.0000000000    0.0000000000  -12.0000000000
1.4404202317    0.0000000000   -0.0000000000    0.0000000000  -12.0000000000
1.4419910280    0.0000000000   -0.0000000000    0.0000000000  -12.0000000000
1.4435618243    0.0000000000   -0.0000000000    0.0000000000  -12.0000000000
1.4451326207    0.0000000000   -0.0000000000    0.0000000000  -12.0000000000
1.4467034170    0.0000000000   -0.0000000000    0.0000000000  -12.0000000000
1.4482742133    0.0000000000   -0.0000000000    0.0000000000  -12.0000000000
1.4498450096    0.0000000000   -0.0000000000    0.0000000000  -12.0000000000
1.4514158060    0.0000000000   -0.0000000000    0.0000000000  -12.0000000000
1.4529866023    0.0000000000   -0.0000000000    0.0000000000  -12.0000000000
1.4545573986    0.0000000000   -0.0000000000    0.0000000000  -12.0000000000
1.4561281949    0.0000000000   -0.0000000000    0.0000000000  -12.0000000000
1.4576989913    0.0000000000   -0.0000000000    0.0000000000  -12.0000000000
1.4592697876    0.0000000000   -0.0000000000    0.0000000000  -12.0000000000
1.4608405839    0.0000000000   -0.0000000000    0.0000000000  -12.0000000000
1.4624113802    0.0000000000   -0.0000000000    0.0000000000  -12.0000000000
1.4639821766    0.0000000000   -0.0000000000    0.0000000000  -12.0000000000
1.4655529729    0.0000000000   -0.0000000000    0.0000000000  -12.0000000000
1.4671237692    0.0000000000   -0.0000000000    0.0000000000  -12.0000000000
1.4686945656    0.0000000000   -0.0000000000    0.0000000000  -12.0000000000
1.4702653619    0.0000000000   -0.0000000000    0.0000000000  -12.0000000000
1.4718361582    0.0000000000   -0.0000000000    0.0000000000  -12.0000000000
1.4734069545    0.0000000000   -0.0000000000    0.0000000000  -12.0000000000
1.4749777509    0.0000000000   -0.0000000000    0.0000000000  -12.0000000000
1.4765485472    0.0000000000   -0.0000000000    0.0000000000  -12.0000000000
1.4781193435    0.0000000000   -0.0000000000    0.0000000000  -12.0000000000
1.4796901398    0.0000000000   -0.0000000000    0.0000000000  -12.0000000000
1.4812609362    0.0000000000   -0.0000000000    0.0000000000  -12.0000000000
1.4828317325    0.0000000000   -0.0000000000    0.0000000000  -12.0000000000
1.4844025288    0.0000000000   -0.0000000000    0.0000000000  -12.0000000000
1.4859733251    0.0000000000   -0.0000000000    0.0000000000  -12.0000000000
1.4875441215    0.0000000000   -0.0000000000    0.0000000000  -12.0000000000
1.4891149178    0.0000000000   -0.0000000000    0.0000000000  -12.0000000000
1.4906857141    0.0000000000   -0.0000000000    0.0000000000  -12.0000000000
1.4922565105    0.0000000000   -0.0000000000    0.0000000000  -12.0000000000
1.4938273068    0.0000000000   -0.0000000000    0.0000000000  -12.0000000000
1.4953981031    0.0000000000   -0.0000000000    0.0000000000  -12.0000000000
1.4969688994    0.0000000000   -0.0000000000    0.0000000000  -12.0000000000
1.4985396958    0.0000000000   -0.0000000000    0.0000000000  -12.0000000000
1.5001104921    0.0000000000   -0.0000000000    0.0000000000  -12.0000000000
1.5016812884    0.0000000000   -0.0000000000    0.0000000000  -12.0000000000
1.5032520847    0.0000000000   -0.0000000000    0.0000000000  -12.0000000000
1.5048228811    0.0000000000   -0.0000000000    0.0000000000  -12.0000000000
1.5063936774    0.0000000000   -0.0000000000    0.0000000000  -12.0000000000
1.5079644737    0.0000000000   -0.0000000000    0.0000000000  -12.0000000000
1.5095352700    0.0000000000   -0.0000000000    0.0000000000  -12.0000000000
1.5111060664    0.0000000000    0.0000000000    0.0000000000  -12.0000000000
1.5126768627    0.0000000000    0.0000000000    0.0000000000  -12.0000000000
1.5142476590    0.0000000000    0.0000000000    0.0000000000  -12.0000000000
1.5158184554    0.0000000000    0.0000000000    0.0000000000  -12.0000000000
1.5173892517    0.0000000000    0.0000000000    0.0000000000  -12.0000000000
1.5189600480    0.0000000000    0.0000000000    0.0000000000  -12.0000000000
1.5205308443    0.0000000000    0.0000000000    0.0000000000  -12.0000000000
1.5221016407    0.0000000000    0.0000000000    0.0000000000  -12.0000000000
1.5236724370    0.0000000000    0.0000000000    0.0000000000  -12.0000000000
1.5252432333    0.0000000000    0.0000000000    0.0000000000  -12.0000000000
1.5268140296    0.0000000000    0.0000000000    0.0000000000  -12.0000000000
1.5283848260    0.0000000000    0.0000000000    0.0000000000  -12.0000000000
1.5299556223    0.0000000000    0.0000000000    0.0000000000  -12.0000000000
1.5315264186    0.0000000000    0.0000000000    0.0000000000  -12.0000000000
1.5330972150    0.0000000000    0.0000000000    0.0000000000  -12.0000000000
1.5346680113    0.0000000000    0.0000000000    0.0000000000  -12.0000000000
1.5362388076    0.0000000000    0.0000000000    0.0000000000  -12.0000000000
1.5378096039    0.0000000000    0.0000000000    0.0000000000  -12.0000000000
1.5393804003    0.0000000000    0.0000000000    0.0000000000  -12.0000000000
1.5409511966    0.0000000000    0.0000000000    0.0000000000  -12.0000000000
1.5425219929    0.0000000000    0.0000000000    0.0000000000  -12.0000000000
1.5440927892    0.0000000000    0.0000000000    0.0000000000  -12.0000000000
1.5456635856    0.0000000000    0.0000000000    0.0000000000  -12.0000000000
1.5472343819    0.0000000000    0.0000000000    0.0000000000  -12.0000000000
1.5488051782    0.0000000000    0.0000000000    0.0000000000  -12.0000000000
1.5503759745    0.0000000000    0.0000000000    0.0000000000  -12.0000000000
1.5519467709    0.0000000000    0.0000000000    0.0000000000  -12.0000000000
1.5535175672    0.0000000000    0.0000000000    0.0000000000  -12.0000000000
1.5550883635    0.0000000000    0.0000000000    0.0000000000  -12.0000000000
1.5566591599    0.0000000000    0.0000000000    0.0000000000  -12.0000000000
1.5582299562    0.0000000000    0.0000000000    0.0000000000  -12.0000000000
1.5598007525    0.0000000000    0.0000000000    0.0000000000  -12.0000000000
1.5613715488    0.0000000000    0.0000000000    0.0000000000  -12.0000000000
1.5629423452    0.0000000000    0.0000000000    0.0000000000  -12.0000000000
1.5645131415    0.0000000000    0.0000000000    0.0000000000  -12.0000000000
1.5660839378    0.0000000000    0.0000000000    0.0000000000  -12.0000000000
1.5676547341    0.0000000000    0.0000000000    0.0000000000  -12.0000000000
1.5692255305    0.0000000000    0.0000000000    0.0000000000  -12.0000000000
